Gestion,Cantidad,Crecimiento
2005,64633,
2006,72969,8336
2007,81191,8222
2008,90398,9207
2009,103353,12955
2010,116857,13504
2011,129724,12867
2012,153792,24068
2013,217164,63372
2014,257564,40400
2015,272249,14685
2016,284271,12022
2017,292481,8210
